SHITOMASI/BRISK : 12.515600, 12.614245, 14.091013, 16.689386, 15.746544, 12.783491, 11.984351, 13.124118, 13.024118, 11.174641, 12.808601, 8.959780, 9.964390, 9.598630, 8.521566, 9.515525, 9.612415, 8.398803, 
SHITOMASI/BRIEF : 12.515600, 12.614245, 14.091013, 16.689386, 15.746544, 12.783491, 11.984351, 13.124118, 13.024118, 11.174641, 12.808601, 8.959780, 9.964390, 9.598630, 8.521566, 9.515525, 9.612415, 8.398803, 
SHITOMASI/ORB : 12.515600, 12.614245, 14.091013, 16.689386, 15.746544, 12.783491, 11.984351, 13.124118, 13.024118, 11.174641, 12.808601, 8.959780, 9.964390, 9.598630, 8.521566, 9.515525, 9.612415, 8.398803, 
SHITOMASI/FREAK : 12.515600, 12.614245, 14.091013, 16.689386, 15.746544, 12.783491, 11.984351, 13.124118, 13.024118, 11.174641, 12.808601, 8.959780, 9.964390, 9.598630, 8.521566, 9.515525, 9.612415, 8.398803, 
SHITOMASI/SIFT : 12.515600, 12.614245, 14.091013, 16.689386, 15.746544, 12.783491, 11.984351, 13.124118, 13.024118, 11.174641, 12.808601, 8.959780, 9.964390, 9.598630, 8.521566, 9.515525, 9.612415, 8.398803, 
HARRIS/BRISK : 12.515600, 12.614245, 14.091013, 16.689386, 15.746544, 12.783491, 11.984351, 13.124118, 13.024118, 11.174641, 12.808601, 8.959780, 9.964390, 9.598630, 8.521566, 9.515525, 9.612415, 8.398803, 
HARRIS/BRIEF : 12.515600, 12.614245, 14.091013, 16.689386, 15.746544, 12.783491, 11.984351, 13.124118, 13.024118, 11.174641, 12.808601, 8.959780, 9.964390, 9.598630, 8.521566, 9.515525, 9.612415, 8.398803, 
HARRIS/ORB : 12.515600, 12.614245, 14.091013, 16.689386, 15.746544, 12.783491, 11.984351, 13.124118, 13.024118, 11.174641, 12.808601, 8.959780, 9.964390, 9.598630, 8.521566, 9.515525, 9.612415, 8.398803, 
HARRIS/FREAK : 12.515600, 12.614245, 14.091013, 16.689386, 15.746544, 12.783491, 11.984351, 13.124118, 13.024118, 11.174641, 12.808601, 8.959780, 9.964390, 9.598630, 8.521566, 9.515525, 9.612415, 8.398803, 
HARRIS/SIFT : 12.515600, 12.614245, 14.091013, 16.689386, 15.746544, 12.783491, 11.984351, 13.124118, 13.024118, 11.174641, 12.808601, 8.959780, 9.964390, 9.598630, 8.521566, 9.515525, 9.612415, 8.398803, 
FAST/BRISK : 12.515600, 12.614245, 14.091013, 16.689386, 15.746544, 12.783491, 11.984351, 13.124118, 13.024118, 11.174641, 12.808601, 8.959780, 9.964390, 9.598630, 8.521566, 9.515525, 9.612415, 8.398803, 
FAST/BRIEF : 12.515600, 12.614245, 14.091013, 16.689386, 15.746544, 12.783491, 11.984351, 13.124118, 13.024118, 11.174641, 12.808601, 8.959780, 9.964390, 9.598630, 8.521566, 9.515525, 9.612415, 8.398803, 
FAST/ORB : 12.515600, 12.614245, 14.091013, 16.689386, 15.746544, 12.783491, 11.984351, 13.124118, 13.024118, 11.174641, 12.808601, 8.959780, 9.964390, 9.598630, 8.521566, 9.515525, 9.612415, 8.398803, 
FAST/FREAK : 12.515600, 12.614245, 14.091013, 16.689386, 15.746544, 12.783491, 11.984351, 13.124118, 13.024118, 11.174641, 12.808601, 8.959780, 9.964390, 9.598630, 8.521566, 9.515525, 9.612415, 8.398803, 
FAST/SIFT : 12.515600, 12.614245, 14.091013, 16.689386, 15.746544, 12.783491, 11.984351, 13.124118, 13.024118, 11.174641, 12.808601, 8.959780, 9.964390, 9.598630, 8.521566, 9.515525, 9.612415, 8.398803, 
BRISK/BRISK : 12.515600, 12.614245, 14.091013, 16.689386, 15.746544, 12.783491, 11.984351, 13.124118, 13.024118, 11.174641, 12.808601, 8.959780, 9.964390, 9.598630, 8.521566, 9.515525, 9.612415, 8.398803, 
BRISK/BRIEF : 12.515600, 12.614245, 14.091013, 16.689386, 15.746544, 12.783491, 11.984351, 13.124118, 13.024118, 11.174641, 12.808601, 8.959780, 9.964390, 9.598630, 8.521566, 9.515525, 9.612415, 8.398803, 
BRISK/ORB : 12.515600, 12.614245, 14.091013, 16.689386, 15.746544, 12.783491, 11.984351, 13.124118, 13.024118, 11.174641, 12.808601, 8.959780, 9.964390, 9.598630, 8.521566, 9.515525, 9.612415, 8.398803, 
BRISK/FREAK : 12.515600, 12.614245, 14.091013, 16.689386, 15.746544, 12.783491, 11.984351, 13.124118, 13.024118, 11.174641, 12.808601, 8.959780, 9.964390, 9.598630, 8.521566, 9.515525, 9.612415, 8.398803, 
BRISK/SIFT : 12.515600, 12.614245, 14.091013, 16.689386, 15.746544, 12.783491, 11.984351, 13.124118, 13.024118, 11.174641, 12.808601, 8.959780, 9.964390, 9.598630, 8.521566, 9.515525, 9.612415, 8.398803, 
ORB/BRISK : 12.515600, 12.614245, 14.091013, 16.689386, 15.746544, 12.783491, 11.984351, 13.124118, 13.024118, 11.174641, 12.808601, 8.959780, 9.964390, 9.598630, 8.521566, 9.515525, 9.612415, 8.398803, 
ORB/BRIEF : 12.515600, 12.614245, 14.091013, 16.689386, 15.746544, 12.783491, 11.984351, 13.124118, 13.024118, 11.174641, 12.808601, 8.959780, 9.964390, 9.598630, 8.521566, 9.515525, 9.612415, 8.398803, 
ORB/ORB : 12.515600, 12.614245, 14.091013, 16.689386, 15.746544, 12.783491, 11.984351, 13.124118, 13.024118, 11.174641, 12.808601, 8.959780, 9.964390, 9.598630, 8.521566, 9.515525, 9.612415, 8.398803, 
ORB/FREAK : 12.515600, 12.614245, 14.091013, 16.689386, 15.746544, 12.783491, 11.984351, 13.124118, 13.024118, 11.174641, 12.808601, 8.959780, 9.964390, 9.598630, 8.521566, 9.515525, 9.612415, 8.398803, 
ORB/SIFT : 12.515600, 12.614245, 14.091013, 16.689386, 15.746544, 12.783491, 11.984351, 13.124118, 13.024118, 11.174641, 12.808601, 8.959780, 9.964390, 9.598630, 8.521566, 9.515525, 9.612415, 8.398803, 
AKAZE/BRISK : 12.515600, 12.614245, 14.091013, 16.689386, 15.746544, 12.783491, 11.984351, 13.124118, 13.024118, 11.174641, 12.808601, 8.959780, 9.964390, 9.598630, 8.521566, 9.515525, 9.612415, 8.398803, 
AKAZE/BRIEF : 12.515600, 12.614245, 14.091013, 16.689386, 15.746544, 12.783491, 11.984351, 13.124118, 13.024118, 11.174641, 12.808601, 8.959780, 9.964390, 9.598630, 8.521566, 9.515525, 9.612415, 8.398803, 
AKAZE/ORB : 12.515600, 12.614245, 14.091013, 16.689386, 15.746544, 12.783491, 11.984351, 13.124118, 13.024118, 11.174641, 12.808601, 8.959780, 9.964390, 9.598630, 8.521566, 9.515525, 9.612415, 8.398803, 
AKAZE/FREAK : 12.515600, 12.614245, 14.091013, 16.689386, 15.746544, 12.783491, 11.984351, 13.124118, 13.024118, 11.174641, 12.808601, 8.959780, 9.964390, 9.598630, 8.521566, 9.515525, 9.612415, 8.398803, 
AKAZE/AKAZE : 12.515600, 12.614245, 14.091013, 16.689386, 15.746544, 12.783491, 11.984351, 13.124118, 13.024118, 11.174641, 12.808601, 8.959780, 9.964390, 9.598630, 8.521566, 9.515525, 9.612415, 8.398803, 
AKAZE/SIFT : 12.515600, 12.614245, 14.091013, 16.689386, 15.746544, 12.783491, 11.984351, 13.124118, 13.024118, 11.174641, 12.808601, 8.959780, 9.964390, 9.598630, 8.521566, 9.515525, 9.612415, 8.398803, 
SIFT/BRISK : 12.515600, 12.614245, 14.091013, 16.689386, 15.746544, 12.783491, 11.984351, 13.124118, 13.024118, 11.174641, 12.808601, 8.959780, 9.964390, 9.598630, 8.521566, 9.515525, 9.612415, 8.398803, 
SIFT/BRIEF : 12.515600, 12.614245, 14.091013, 16.689386, 15.746544, 12.783491, 11.984351, 13.124118, 13.024118, 11.174641, 12.808601, 8.959780, 9.964390, 9.598630, 8.521566, 9.515525, 9.612415, 8.398803, 
SIFT/FREAK : 12.515600, 12.614245, 14.091013, 16.689386, 15.746544, 12.783491, 11.984351, 13.124118, 13.024118, 11.174641, 12.808601, 8.959780, 9.964390, 9.598630, 8.521566, 9.515525, 9.612415, 8.398803, 
SIFT/SIFT : 12.515600, 12.614245, 14.091013, 16.689386, 15.746544, 12.783491, 11.984351, 13.124118, 13.024118, 11.174641, 12.808601, 8.959780, 9.964390, 9.598630, 8.521566, 9.515525, 9.612415, 8.398803, 