SHITOMASI/BRISK : 12.955293, 13.410126, 12.818730, 13.326967, 13.012261, 14.174366, 11.825716, 12.762596, 11.745716, 13.799853, 11.198543, 11.785461, 10.980649, 12.428916, 9.932267, 10.716109, 10.945581, 9.457475, 
SHITOMASI/BRIEF : 13.700323, 14.078652, 12.786757, 13.249052, 12.833772, 14.577744, 12.901874, 14.350359, 11.555562, 14.145230, 11.413162, 11.848012, 11.707335, 12.239993, 11.781501, 10.334783, 11.514979, 11.383115, 
SHITOMASI/ORB : 13.351789, 13.084555, 12.320243, 13.111289, 12.137174, 15.153642, 12.865283, 12.324332, 11.801933, 13.925293, 11.423773, 11.598554, 11.406610, 11.944290, 11.822555, 10.310473, 11.267041, 10.360686, 
SHITOMASI/FREAK : 14.280423, 14.395795, 12.100000, 13.433781, 12.816677, 13.758910, 11.850637, 11.634951, 11.870303, 13.864840, 11.403494, 11.942303, 12.013126, 11.679120, 10.417122, 11.581443, 11.217839, 10.361837, 
SHITOMASI/SIFT : 13.761609, 13.716485, 12.754943, 12.867540, 12.442749, 15.153642, 12.901874, 14.660810, 11.955895, 14.407563, 11.204033, 12.029267, 11.838515, 12.190600, 12.200816, 10.890258, 12.962729, 10.639728, 
HARRIS/BRISK : 61.001474, 78.220700, 12.320104, 82.029457, 12.748294, 11.506243, 12.928956, 40.936214, 11.014480, -inf, 11.813502, 12.550997, 11.636046, -inf, 12.439358, 11.555412, 12.683328, 12.120576, 
HARRIS/BRIEF : nan, -inf, 12.408983, -inf, 12.660245, 12.592312, 13.469248, 39.966821, 10.775745, -inf, 10.821053, 12.172158, -inf, 11.920921, -inf, 12.539044, -inf, 12.213061, 
HARRIS/ORB : nan, -inf, 14.510345, -inf, 13.165389, 12.464494, 12.337898, 22.453493, 10.623475, -inf, 12.134978, 12.993438, 11.596510, 11.421834, -inf, 12.420081, 200.136659, -inf, 
HARRIS/FREAK : -inf, 806.783330, 13.475812, -inf, 15.182675, 11.300881, 12.829109, 39.253548, 12.034365, -inf, 10.862463, 12.075326, 11.286844, 12.020747, 11.793137, 11.555412, 25.476864, 11.421834, 
HARRIS/SIFT : nan, -inf, 11.308259, 38.219481, 14.802213, -inf, 11.203556, 39.151202, 10.336929, -inf, 10.741966, 11.426038, -inf, 11.203624, -inf, -inf, 13.420062, 12.470216, 
FAST/BRISK : 10.710055, 11.800900, 14.244736, 14.930293, 44.199341, 13.454484, 12.758325, 11.342009, 12.697322, 12.700144, 14.081891, 11.331719, 12.441423, 11.706290, 11.521277, 11.565622, 9.045142, 11.961096, 
FAST/BRIEF : 11.378153, 12.694792, 17.278555, 13.793977, 46.555407, 14.218452, 13.502563, 13.255012, 13.404187, 14.154551, 13.795207, 11.356389, 12.794903, 12.123549, 12.135714, 12.712549, 10.061907, 13.243677, 
FAST/ORB : 11.300000, 12.651605, 14.444291, 14.076601, 40.163663, 13.454484, 12.978606, 12.253963, 12.901145, 13.360675, 13.888932, 11.083606, 12.632808, 11.438018, 11.375205, 12.351108, 10.885654, 12.300810, 
FAST/FREAK : 10.834201, 13.841162, 12.555690, 13.205367, 78.155206, 14.244157, 12.978606, 13.083565, 12.698991, 13.496977, 13.014366, 11.336165, 12.053660, 11.433430, 12.067221, 12.199590, 8.550846, 11.621119, 
FAST/SIFT : 12.849806, 24.139796, 19.030903, 15.049645, -inf, 15.816143, 12.954238, 12.827896, 13.923081, 13.659341, 15.122311, 11.509554, 12.993438, 13.200015, 11.290288, 12.849806, 11.073305, 13.243677, 
BRISK/BRISK : 13.459004, 18.617407, 16.073014, 18.667935, 30.636779, 15.815407, 16.133131, 17.406749, 17.201119, 16.115345, 13.029063, 10.029051, 13.284029, 12.111623, 13.190086, 11.150426, 8.972193, 10.525047, 
BRISK/BRIEF : 14.042239, 20.619017, 19.717857, 19.626710, 27.801066, 26.869000, 17.846416, 22.920156, 20.084002, 16.287715, 15.734636, 16.970953, 14.824407, 12.373466, 12.862950, 15.497126, 14.056208, 12.059856, 
BRISK/ORB : 13.521670, 16.922461, 17.467670, 18.056189, 30.636779, 16.977981, 16.417344, 21.363643, 13.604050, 15.608822, 14.150114, 10.004301, 12.159744, 13.023965, 14.160577, 10.896320, 9.806662, 10.491615, 
BRISK/FREAK : 14.682858, 26.778427, 18.180717, 14.825054, 43.391348, 14.218079, 13.981332, 18.013272, 17.966176, 13.053219, 12.592540, 13.375646, 13.429467, 11.167308, 13.772093, 10.699293, 8.367000, 11.394462, 
BRISK/SIFT : 12.561640, 17.680705, 19.322091, 12.898321, 57.695195, 17.539900, 16.813197, 18.359539, 17.641565, 17.139098, 14.840873, 11.836541, 14.504558, 13.925726, 16.673159, 12.124411, 9.556546, 15.614572, 
ORB/BRISK : 17.483580, 16.799158, 23.943696, 23.642187, 253.542571, 14.620477, 16.874791, -inf, 12.288853, 15.280831, 8.387396, -inf, 8.337534, 13.508068, 13.430957, 10.463104, 15.717736, 25.815470, 
ORB/BRIEF : 19.874374, -inf, 116.092844, 46.160087, 39.180547, -inf, 77.642659, 245.422426, 271.324818, 15.434778, 19.227265, 15.950349, 10.799773, 29.359204, -inf, 39.215034, 26.459876, 24.185503, 
ORB/ORB : 24.780941, 11.102417, 17.486527, 21.531302, 31.071498, 12.819411, 52.726684, 10.308997, 18.650995, 12.656856, 9.005782, 32.200059, 9.454202, -inf, 12.613632, 9.035195, 18.697924, 27.708879, 
ORB/FREAK : 11.937123, -inf, 11.107738, 11.279673, 102.035032, 14.457838, 127.591015, 9.385881, 30.141655, -545.043513, 8.407813, 47.565583, 7.683490, 519.591694, -inf, 9.044739, -inf, 21.330082, 
ORB/SIFT : 15.089295, 14.006272, 28.230235, 330.969511, 32.888774, 11.581575, 16.589884, 10.854592, 12.959954, 12.739051, 8.425440, -inf, 8.107448, 623.139012, 25.426686, 9.541363, 17.873566, 27.511268, 
AKAZE/BRISK : 12.741524, 15.092947, 13.317413, 14.711294, 14.973098, 15.089009, 15.940867, 14.896059, 14.115117, 11.893255, 12.485005, 11.208164, 11.028551, 9.875934, 9.628696, 10.490678, 9.390671, 9.144961, 
AKAZE/BRIEF : 13.916646, 17.776697, 13.333726, 15.709587, 18.023256, 15.317841, 20.577507, 17.211973, 18.750172, 16.111888, 14.304945, 17.713861, 10.800908, 11.186642, 11.187645, 11.294710, 10.757947, 9.529478, 
AKAZE/ORB : 13.127468, 14.711183, 13.496457, 14.719392, 16.704810, 15.582111, 15.926650, 14.865635, 15.160514, 11.818564, 12.998211, 11.623797, 11.167912, 10.378772, 9.717936, 10.939431, 9.376852, 9.077970, 
AKAZE/FREAK : 13.137343, 14.249087, 13.827848, 14.816423, 15.553071, 15.377964, 15.829725, 14.519471, 13.673551, 11.711141, 12.457002, 11.190549, 11.285216, 10.000040, 9.258821, 10.125874, 9.620276, 9.131061, 
AKAZE/AKAZE : 12.705837, 14.608843, 13.336987, 15.380350, 17.243008, 14.898385, 15.765890, 14.823369, 15.107772, 12.240156, 12.610606, 11.659270, 11.223903, 10.916170, 10.258607, 10.579174, 9.398551, 9.331294, 
AKAZE/SIFT : 13.097126, 14.658363, 13.475246, 15.058498, 17.017260, 15.055637, 15.818111, 14.689594, 14.773922, 12.116907, 12.967641, 11.659270, 11.386064, 11.112360, 9.535192, 10.831922, 9.479686, 9.328559, 
SIFT/BRISK : 13.250356, 12.222338, 13.491535, 20.458854, 19.455926, 12.313450, 13.590137, 15.049028, 12.848545, 10.082918, 12.051008, 10.977418, 10.137123, 9.212853, 9.383023, 9.189244, 9.235374, 8.674369, 
SIFT/BRIEF : 13.014183, 11.950410, 14.315833, 18.818469, 18.440084, 11.463936, 14.307177, 15.924770, 14.066648, 12.062533, 12.204310, 9.858094, 10.846992, 9.674130, 9.310938, 8.976891, 9.086642, 8.916483, 
SIFT/FREAK : 12.443300, 13.853603, 12.713045, 20.696720, 14.748211, 12.930277, 14.168892, 13.302357, 14.875385, 11.243382, 12.299740, 10.298524, 9.569693, 9.096926, 8.849186, 8.797695, 9.121438, 9.042147, 
SIFT/SIFT : 12.677949, 13.803206, 13.054839, 18.287173, 15.400684, 13.218496, 13.861638, 17.629682, 13.739193, 10.994754, 11.247805, 10.382306, 10.447753, 9.883843, 9.425086, 9.189662, 9.045232, 8.684337, 